solid metalOutlet
 facet normal  0.000000e+00  0.000000e+00  1.000000e+00
   outer loop
     vertex -2.500000e-04  2.500000e-04  5.000000e-02
     vertex -2.500000e-03  2.500000e-03  5.000000e-02
     vertex -2.500000e-03 -2.500000e-03  5.000000e-02
   endloop
 endfacet
 facet normal  0.000000e+00  0.000000e+00  1.000000e+00
   outer loop
     vertex -2.500000e-04  2.500000e-04  5.000000e-02
     vertex -2.500000e-03 -2.500000e-03  5.000000e-02
     vertex -2.500000e-04 -2.500000e-04  5.000000e-02
   endloop
 endfacet
 facet normal  0.000000e+00  0.000000e+00  1.000000e+00
   outer loop
     vertex  2.500000e-04 -2.500000e-04  5.000000e-02
     vertex -2.500000e-03 -2.500000e-03  5.000000e-02
     vertex  2.500000e-03 -2.500000e-03  5.000000e-02
   endloop
 endfacet
 facet normal  0.000000e+00  0.000000e+00  1.000000e+00
   outer loop
     vertex  2.500000e-04 -2.500000e-04  5.000000e-02
     vertex -2.500000e-04 -2.500000e-04  5.000000e-02
     vertex -2.500000e-03 -2.500000e-03  5.000000e-02
   endloop
 endfacet
 facet normal  0.000000e+00  0.000000e+00  1.000000e+00
   outer loop
     vertex  2.500000e-03  2.500000e-03  5.000000e-02
     vertex  2.500000e-04  2.500000e-04  5.000000e-02
     vertex  2.500000e-04 -2.500000e-04  5.000000e-02
   endloop
 endfacet
 facet normal  0.000000e+00  0.000000e+00  1.000000e+00
   outer loop
     vertex  2.500000e-03  2.500000e-03  5.000000e-02
     vertex -2.500000e-04  2.500000e-04  5.000000e-02
     vertex  2.500000e-04  2.500000e-04  5.000000e-02
   endloop
 endfacet
 facet normal  0.000000e+00  0.000000e+00  1.000000e+00
   outer loop
     vertex  2.500000e-03  2.500000e-03  5.000000e-02
     vertex -2.500000e-03  2.500000e-03  5.000000e-02
     vertex -2.500000e-04  2.500000e-04  5.000000e-02
   endloop
 endfacet
 facet normal  0.000000e+00  0.000000e+00  1.000000e+00
   outer loop
     vertex  2.500000e-03  2.500000e-03  5.000000e-02
     vertex  2.500000e-04 -2.500000e-04  5.000000e-02
     vertex  2.500000e-03 -2.500000e-03  5.000000e-02
   endloop
 endfacet
endsolid metalOutlet
